Yield
0.0556
0.0554
0.0558
0.0561
0.0547
0.0552
0.0551
0.0552
0.055
0.053
0.0549
0.0549
0.0545
0.0538
0.0541
0.0536
0.0532
0.0531
0.053
0.0524
0.0525
0.0525
0.0533
0.0529
0.0531
0.0529
0.0532
0.0526
0.053055018
0.052
0.0517
0.0514
0.05056679
0.0504
0.0502
0.0504
0.0491
0.0486
0.0498
0.0496
0.0493
0.0498
0.0498
0.049294405
0.0494
0.05
0.0498
0.049
0.0493
0.0492
0.0502
0.0503
0.05
0.051
0.0508
0.0511
0.0505
0.0504
0.051
0.051
0.0519
0.0512
0.0512
0.052
0.053
0.0526
0.0524
0.0524
0.0522
0.0516
0.0506
0.0508
0.0509
0.0509
0.0511
0.0503
0.0504
0.0503
0.0504
0.0506
0.0503
0.0502
0.0502
0.050074434
0.050074434
0.0503
0.0495
0.0502
0.0485
0.0503
0.0481
0.0499
0.0501
0.0498
0.0494
0.0493
0.0492
0.0493
0.0493
0.0495
0.049
0.0495
0.0496
0.0491
0.0495
0.0496
0.0495
0.0493
0.0497
0.0496
0.0494
0.0493
0.0495
0.0493
0.0491
0.0494
0.0501
0.0498
0.0497
0.0497
0.049
0.0502
0.0497
0.0506
0.0498
0.0497
0.0502
0.0499
0.0498
0.0486
0.0497
0.0497
0.0499
0.05
0.0498
0.0501
0.0498
0.0498
0.0495
0.049
0.0483
0.0483
0.0478
0.0477
0.0474
0.047
0.0468
0.0459
0.0463
0.0463
0.0463
0.046
0.0464
0.0452
0.0463
0.0463
0.0466
0.0462
0.0463
0.0444
0.0439
0.0434
0.0434
0.0431
0.0427
0.0421
0.0418
0.0414
0.0413
0.0408
0.0387
0.0372
0.0369
0.0369
0.037
0.0375
0.0373
0.0374
0.0376
0.0378
0.0379
0.0379
0.0377
0.0372
0.037
0.0372
0.0369
0.0364
0.0359
0.0359
0.0355
0.0352
0.0354
0.0346
0.035
0.0344
0.0352
0.0357
0.0354
0.0351
0.0353
0.0356
0.0353
0.034768758
0.0353
0.035271521
0.03495
0.03499
0.0356
0.03516
0.0359
0.03568
0.0359
0.03609
0.03595
0.03628
0.03645
0.03671
0.03721
0.03746
0.03707
0.03763
0.0374
0.03739
0.03744
0.03755
0.03772
0.03788
0.03811
0.03831
0.03984
0.04066
0.04014
0.03999
0.03983
0.03975
0.04017
0.0392
0.03964
0.04028
0.04036
0.04064
0.04064
0.03981
0.03787
0.04002
0.04069
0.04018
0.04019
0.04046
0.04094
0.04103
0.0414
0.04157
0.04158
0.04178
0.04142
0.04152
0.04121
0.04091
0.04172
0.04164
0.04172
0.0419
0.04184
0.04219
0.03974
0.04209
0.04203
0.04157
0.0413
0.04133
0.04133
0.04173
0.04196
0.04217
0.04217
0.04232
0.04209
0.04225
0.04199
0.04232
0.04189
0.04232
0.04209
0.04158
0.04162
0.04193
0.04236
0.0428
0.04252
0.0424
0.04211
0.04225
0.04282
0.04317
0.04431
0.0444
0.04542
0.04591
0.04623